1801
1868
1884
1864
1797
1838
1781
1872
1840
1233
1235
1253
1640
1608
1609
1610
1611
1612
1613
1627
1628
1630
1142
1621
1623
1624
1625
1682
1692
1615
1616
1617
1618
1763
1764
1759
1760
1761
1762
1765
1766
1767
1768
1769
1770
1771
1772
1773
1381
1382
1383
1384
1385
1386
1694
1914
1916
1788
1857
1858
1859
1867
1860
1861
1862
1863
1906
1907
1780
1793
1841
371
1915
Biomedicine1
Biomedicine2
Biomedicine3
ClinicalSciences1
ClinicalSciences2
ClinicalSciences3
ClinicalSciences4
Medicine1
Medicine2
Medicine3
NeuroscienceAndPhysiology1
NeuroscienceAndPhysiology2
NeuroscienceAndPhysiology3
